[gd_scene format=3 uid="uid://pv04qjb6bhfr"]

[ext_resource type="PackedScene" uid="uid://cwa34cuiw85aa" path="res://characters/groyper/groyper_rig.tscn" id="1_rig"]

[node name="GroyperCharacter" type="Node3D" unique_id=57696546]

[node name="Model" type="Node3D" parent="." unique_id=57696547]

[node name="GroyperRig" parent="Model" unique_id=1653135651 instance=ExtResource("1_rig")]

[node name="EditorCamera" type="Camera3D" parent="." unique_id=1063133121]
transform = Transform3D(1, 0, 0, 0, 0.866025, 0.5, 0, -0.5, 0.866025, 0.85, 1.35, 1.85)
current = true
fov = 50.0

[node name="EditorSun" type="DirectionalLight3D" parent="." unique_id=1574931984]
transform = Transform3D(0.866025, -0.353553, 0.353553, 0, 0.707107, 0.707107, -0.5, -0.612372, 0.612372, 0, 4, 0)
light_energy = 1.3
shadow_enabled = true

[node name="EditorFill" type="DirectionalLight3D" parent="." unique_id=1128254537]
transform = Transform3D(0.866025, 0.353553, -0.353553, 0, 0.707107, 0.707107, 0.5, -0.612372, 0.612372, 0, 3, 0)
light_color = Color(0.85, 0.9, 1, 1)
light_energy = 0.45
